sensors:
  - id: 412eab8e4058621f7036b5e765dfe812
    sensor_type: NCAMERA
    description: "SMB"
    topic: ""
    cameras:
      - camera:
          topic: /versavis/cam0/image_raw
          description: "RGB camera"
          id: 54812562fa109c40fe90b29a59dd7798
          sensor_type: CAMERA
          line-delay-nanoseconds: 0
          image_height: 1080
          image_width: 1440
          type: pinhole
          intrinsics:
            cols: 1
            rows: 4
            data: [631.4214055036903, 631.3239932710748, 752.7471639901355, 608.4694173670642]
          distortion:
            type: equidistant
            parameters:
              cols: 1
              rows: 4
              data: [0.009428204367797146, -0.006038271176256001, 0.008845998065690584,
    -0.0034425535480627554]
        T_B_C:
          cols: 4
          rows: 4
          data:
            - [1.0, 0.0, 0.0, 0.0]
            - [0.0, 1.0, 0.0, 0.0]
            - [0.0, 0.0, 1.0, 0.0]
            - [0.0, 0.0, 0.0, 1.0]

extrinsics:
  - sensor_id: 412eab8e4058621f7036b5e765dfe812
    base_sensor_id: 412eab8e4058621f7036b5e765dfe812
    T_B_S:
      rows: 4
      cols: 4
      data:
        - [1,0,0,0]
        - [0,1,0,0]
        - [0,0,1,0]
        - [0,0,0,1]
