sensors:
  - id: 412eab8e4058621f7036b5e765dfe812
    sensor_type: NCAMERA
    description: "Mobmi hand camera"
    topic: ""
    cameras:
      - camera:
          topic: /camera/color/
          description: "Mobmi hand camera"
          id: 54812562fa109c40fe90b29a59dd7798
          sensor_type: CAMERA
          line-delay-nanoseconds: 0
          image_height: 480
          image_width: 640
          type: pinhole
          intrinsics:
            cols: 1
            rows: 4
            data: [606.0969903184573, 608.0504222383827, 317.4038972666458, 245.41296405358113]
          distortion:
            type: equidistant
            parameters:
              cols: 1
              rows: 4
              data: [0.31046116596215345, 1.765731308151048, -8.889127593142465, 13.270663781496193]
        T_B_C:
          cols: 4
          rows: 4
          data:
            # - [-0.82251013,  0.56871392,  0.0064469 , -0.598]
            # - [ 0.12182482,  0.18724026, -0.97473063, 0.368]
            # - [-0.55555   , -0.80094042, -0.22329048, -0.547]
            # - [0, 0, 0, 1] 
            - [-0.82251013,  0.12182482, -0.55555   , -0.84057844]
            - [ 0.56871392,  0.18724026, -0.80094042, -0.1669279 ]
            - [ 0.0064469 , -0.97473063, -0.22329048,  0.24041623]
            - [0.,  0.        ,  0.        ,  1.        ]
extrinsics:
  - sensor_id: 412eab8e4058621f7036b5e765dfe812
    base_sensor_id: 412eab8e4058621f7036b5e765dfe812
    T_B_S:
      rows: 4
      cols: 4
      data:
        - [1,0,0,0]
        - [0,1,0,0]
        - [0,0,1,0]
        - [0,0,0,1]
