sensors:
  - id: 412eab8e4058621f7036b5e765dfe812
    sensor_type: NCAMERA
    description: "SMB"
    topic: ""
    cameras:
      - camera:
          topic: /versavis/cam0/image_raw
          description: "RGB camera"
          id: 54812562fa109c40fe90b29a59dd7798
          sensor_type: CAMERA
          line-delay-nanoseconds: 0
          image_height: 1080
          image_width: 1440
          type: pinhole
          intrinsics:
            cols: 1
            rows: 4
            data: [644.1589408974335, 643.8998733804048, 694.3102357386883, 574.1681961598792]
          distortion:
            type: equidistant
            parameters:
              cols: 1
              rows: 4
              data: [0.005691383154435742, -0.0006697996624948808, -0.0031151487145129318, 0.002980432455329788]
        T_B_C:
          cols: 4
          rows: 4
          data:
            - [1.0, 0.0, 0.0, 0.0]
            - [0.0, 1.0, 0.0, 0.0]
            - [0.0, 0.0, 1.0, 0.0]
            - [0.0, 0.0, 0.0, 1.0]

extrinsics:
  - sensor_id: 412eab8e4058621f7036b5e765dfe812
    base_sensor_id: 412eab8e4058621f7036b5e765dfe812
    T_B_S:
      rows: 4
      cols: 4
      data:
        - [1,0,0,0]
        - [0,1,0,0]
        - [0,0,1,0]
        - [0,0,0,1]
